11
128
95
89
140
HDReapir3
97
HDReapir9
169
183
80
109
116
22
HDReapir10
123
13
126
172
6
139
179
138
158
28
18
114
23
41
78
30
163
166
20
112
120
33
155
75
62
73
161
171
15
63
136
49
17
100
129
64
150
94
8
16
19
142
153
32
93
170
1
175
130
184
157
4
81
38
180
119
58
2
101
69
27
98
92
53
77
118
124
185
115
37
24
159
134
156
108
148
34
79
84
96
147
132
107
102
127
162
36
201
31
181
125
103
144
9
167
67
113
168
173
182
135
174
146
88
48
72
82
154
43
42
110
HDReapir8
137
HDReapir7
164
117
104
14
83
131
177
59
105
HDReapir2
HDReapir6
151
208
65
HDReapir1
12
91
55
122
HDReapir4
152
106
10
193
198
74
187
76
149
160
68
165
186
145
66
90
202
141
176
5
99
121
111
